24681|24681|A|Document.xml
<?xml version='1.0' encoding='utf-8'?>
<!--
 FreeCAD Document, see https://www.freecadweb.org for more information...
-->
<Document SchemaVersion="4" ProgramVersion="0.19R22756 (Git)" FileVersion="1">
    <Properties Count="15" TransientCount="3">
        <_Property name="FileName" type="App::PropertyString" status="50331649"/>
        <_Property name="Tip" type="App::PropertyLink" status="33554433"/>
        <_Property name="TransientDir" type="App::PropertyString" status="50331649"/>
        <Property name="Comment" type="App::PropertyString">
            <String value=""/>
        </Property>
        <Property name="Company" type="App::PropertyString">
            <String value=""/>
        </Property>
        <Property name="CreatedBy" type="App::PropertyString">
            <String value=""/>
        </Property>
        <Property name="CreationDate" type="App::PropertyString" status="16777217">
            <String value="2020-11-11T11:46:47Z"/>
        </Property>
        <Property name="Id" type="App::PropertyString">
            <String value=""/>
        </Property>
        <Property name="Label" type="App::PropertyString" status="1">
            <String value="BearingBlock"/>
        </Property>
        <Property name="LastModifiedBy" type="App::PropertyString">
            <String value=""/>
        </Property>
        <Property name="LastModifiedDate" type="App::PropertyString" status="16777217">
            <String value="2020-11-12T12:59:08Z"/>
        </Property>
        <Property name="License" type="App::PropertyString" status="1">
            <String value="All rights reserved"/>
        </Property>
        <Property name="LicenseURL" type="App::PropertyString" status="1">
            <String value="http://en.wikipedia.org/wiki/All_rights_reserved"/>
        </Property>
        <Property name="Material" type="App::PropertyMap" status="1">
            <Map count="0">
            </Map>
        </Property>
        <Property name="Meta" type="App::PropertyMap" status="1">
            <Map count="0">
            </Map>
        </Property>
        <Property name="ShowHidden" type="App::PropertyBool" status="1">
            <Bool value="false"/>
        </Property>
        <Property name="TipName" type="App::PropertyString" status="83886080">
            <String value=""/>
        </Property>
        <Property name="Uid" type="App::PropertyUUID" status="16777217">
            <Uuid value="ca6d4104-e3ef-4614-a85d-92d1a3f76801"/>
        </Property>
    </Properties>
    <Objects Count="11" Dependencies="1">
        <ObjectDeps Name="BearingBlock" Count="4">
            <Dep Name="Origin"/>
            <Dep Name="LCS_0"/>
            <Dep Name="Solid"/>
            <Dep Name="LCS_1"/>
        </ObjectDeps>
        <ObjectDeps Name="Origin" Count="6">
            <Dep Name="X_Axis"/>
            <Dep Name="Y_Axis"/>
            <Dep Name="Z_Axis"/>
            <Dep Name="XY_Plane"/>
            <Dep Name="XZ_Plane"/>
            <Dep Name="YZ_Plane"/>
        </ObjectDeps>
        <ObjectDeps Name="X_Axis" Count="0"/>
        <ObjectDeps Name="Y_Axis" Count="0"/>
        <ObjectDeps Name="Z_Axis" Count="0"/>
        <ObjectDeps Name="XY_Plane" Count="0"/>
        <ObjectDeps Name="XZ_Plane" Count="0"/>
        <ObjectDeps Name="YZ_Plane" Count="0"/>
        <ObjectDeps Name="LCS_0" Count="1">
            <Dep Name="X_Axis"/>
        </ObjectDeps>
        <ObjectDeps Name="Solid" Count="0"/>
        <ObjectDeps Name="LCS_1" Count="1">
            <Dep Name="LCS_0"/>
        </ObjectDeps>
        <Object type="App::Part" name="BearingBlock" id="1" />
        <Object type="App::Origin" name="Origin" id="2" />
        <Object type="App::Line" name="X_Axis" id="3" />
        <Object type="App::Line" name="Y_Axis" id="4" />
        <Object type="App::Line" name="Z_Axis" id="5" />
        <Object type="App::Plane" name="XY_Plane" id="6" />
        <Object type="App::Plane" name="XZ_Plane" id="7" />
        <Object type="App::Plane" name="YZ_Plane" id="8" />
        <Object type="PartDesign::CoordinateSystem" name="LCS_0" id="9" />
        <Object type="Part::Feature" name="Solid" id="10" />
        <Object type="PartDesign::CoordinateSystem" name="LCS_1" id="12" />
    </Objects>
    <ObjectData Count="11">
        <Object name="BearingBlock" Extensions="True">
            <Extensions Count="1">
                <Extension type="App::OriginGroupExtension" name="OriginGroupExtension">
                </Extension>
            </Extensions>
            <Properties Count="15" TransientCount="1">
                <_Property name="_GroupTouched" type="App::PropertyBool" status="100663296"/>
                <Property name="Color" type="App::PropertyColor">
                    <PropertyColor value="4294967295"/>
                </Property>
                <Property name="ExpressionEngine" type="App::PropertyExpressionEngine" status="67108864">
                    <ExpressionEngine count="0">
                    </ExpressionEngine>
                </Property>
                <Property name="Group" type="App::PropertyLinkList">
                    <LinkList count="3">
                        <Link value="LCS_0"/>
                        <Link value="Solid"/>
                        <Link value="LCS_1"/>
                    </LinkList>
                </Property>
                <Property name="Id" type="App::PropertyString">
                    <String value=""/>
                </Property>
                <Property name="Label" type="App::PropertyString" status="134217728">
                    <String value="BearingBlock"/>
                </Property>
                <Property name="Label2" type="App::PropertyString" status="67108992">
                    <String value=""/>
                </Property>
                <Property name="License" type="App::PropertyString">
                    <String value=""/>
                </Property>
                <Property name="LicenseURL" type="App::PropertyString">
                    <String value=""/>
                </Property>
                <Property name="Material" type="App::PropertyMap">
                    <Map count="0">
                    </Map>
                </Property>
                <Property name="Meta" type="App::PropertyMap">
                    <Map count="0">
                    </Map>
                </Property>
                <Property name="Origin" type="App::PropertyLink" status="67108864">
                    <Link value="Origin"/>
                </Property>
                <Property name="Placement" type="App::PropertyPlacement" status="8388608">
                    <PropertyPlacement Px="0.0000000000000000" Py="0.0000000000000000" Pz="0.0000000000000000" Q0="0.0000000000000000" Q1="0.0000000000000000" Q2="0.0000000000000000" Q3="1.0000000000000000" A="0.0000000000000000" Ox="0.0000000000000000" Oy="0.0000000000000000" Oz="1.0000000000000000"/>
                </Property>
                <Property name="Type" type="App::PropertyString">
                    <String value=""/>
                </Property>
                <Property name="Uid" type="App::PropertyUUID">
                    <Uuid value="b9fa2ead-cafe-44d9-8a65-cc54721ca6bc"/>
                </Property>
                <Property name="Visibility" type="App::PropertyBool" status="648">
                    <Bool value="true"/>
                </Property>
            </Properties>
        </Object>
        <Object name="Origin" Extensions="True">
            <Extensions Count="1">
                <Extension type="App::GeoFeatureGroupExtension" name="GeoFeatureGroupExtension">
                </Extension>
            </Extensions>
            <Properties Count="5" TransientCount="2">
                <_Property name="Group" type="App::PropertyLinkList" status="16"/>
                <_Property name="_GroupTouched" type="App::PropertyBool" status="100663296"/>
                <Property name="ExpressionEngine" type="App::PropertyExpressionEngine" status="67108864">
                    <ExpressionEngine count="0">
                    </ExpressionEngine>
                </Property>
                <Property name="Label" type="App::PropertyString" status="134217728">
                    <String value="Origin"/>
                </Property>
                <Property name="Label2" type="App::PropertyString" status="67108992">
                    <String value=""/>
                </Property>
                <Property name="OriginFeatures" type="App::PropertyLinkList" status="67108864">
                    <LinkList count="6">
                        <Link value="X_Axis"/>
                        <Link value="Y_Axis"/>
                        <Link value="Z_Axis"/>
                        <Link value="XY_Plane"/>
                        <Link value="XZ_Plane"/>
                        <Link value="YZ_Plane"/>
                    </LinkList>
                </Property>
                <Property name="Visibility" type="App::PropertyBool" status="648">
                    <Bool value="false"/>
                </Property>
            </Properties>
        </Object>
        <Object name="X_Axis">
            <Properties Count="6" TransientCount="0">
                <Property name="ExpressionEngine" type="App::PropertyExpressionEngine" status="67108864">
                    <ExpressionEngine count="0">
                    </ExpressionEngine>
                </Property>
                <Property name="Label" type="App::PropertyString" status="134217728">
                    <String value="X_Axis"/>
                </Property>
                <Property name="Label2" type="App::PropertyString" status="67108992">
                    <String value=""/>
                </Property>
                <Property name="Placement" type="App::PropertyPlacement" status="8388616">
                    <PropertyPlacement Px="0.0000000000000000" Py="0.0000000000000000" Pz="0.0000000000000000" Q0="0.0000000000000000" Q1="0.0000000000000000" Q2="0.0000000000000000" Q3="1.0000000000000000" A="0.0000000000000000" Ox="0.0000000000000000" Oy="0.0000000000000000" Oz="1.0000000000000000"/>
                </Property>
                <Property name="Role" type="App::PropertyString" status="16777216">
                    <String value="X_Axis"/>
                </Property>
                <Property name="Visibility" type="App::PropertyBool" status="648">
                    <Bool value="true"/>
                </Property>
            </Properties>
        </Object>
        <Object name="Y_Axis">
            <Properties Count="6" TransientCount="0">
                <Property name="ExpressionEngine" type="App::PropertyExpressionEngine" status="67108864">
                    <ExpressionEngine count="0">
                    </ExpressionEngine>
                </Property>
                <Property name="Label" type="App::PropertyString" status="134217728">
                    <String value="Y_Axis"/>
                </Property>
                <Property name="Label2" type="App::PropertyString" status="67108992">
                    <String value=""/>
                </Property>
                <Property name="Placement" type="App::PropertyPlacement" status="8388616">
                    <PropertyPlacement Px="0.0000000000000000" Py="0.0000000000000000" Pz="0.0000000000000000" Q0="0.5000000000000000" Q1="0.5000000000000000" Q2="0.5000000000000000" Q3="0.5000000000000001" A="2.0943951023931953" Ox="0.5773502691896258" Oy="0.5773502691896258" Oz="0.5773502691896258"/>
                </Property>
                <Property name="Role" type="App::PropertyString" status="16777216">
                    <String value="Y_Axis"/>
                </Property>
                <Property name="Visibility" type="App::PropertyBool" status="648">
                    <Bool value="true"/>
                </Property>
            </Properties>
        </Object>
        <Object name="Z_Axis">
            <Properties Count="6" TransientCount="0">
                <Property name="ExpressionEngine" type="App::PropertyExpressionEngine" status="67108864">
                    <ExpressionEngine count="0">
                    </ExpressionEngine>
                </Property>
                <Property name="Label" type="App::PropertyString" status="134217728">
                    <String value="Z_Axis"/>
                </Property>
                <Property name="Label2" type="App::PropertyString" status="67108992">
                    <String value=""/>
                </Property>
                <Property name="Placement" type="App::PropertyPlacement" status="8388616">
                    <PropertyPlacement Px="0.0000000000000000" Py="0.0000000000000000" Pz="0.0000000000000000" Q0="0.5000000000000001" Q1="0.5000000000000001" Q2="0.5000000000000001" Q3="-0.4999999999999998" A="4.1887902047863905" Ox="0.5773502691896258" Oy="0.5773502691896258" Oz="0.5773502691896258"/>
                </Property>
                <Property name="Role" type="App::PropertyString" status="16777216">
                    <String value="Z_Axis"/>
                </Property>
                <Property name="Visibility" type="App::PropertyBool" status="648">
                    <Bool value="true"/>
                </Property>
            </Properties>
        </Object>
        <Object name="XY_Plane">
            <Properties Count="6" TransientCount="0">
                <Property name="ExpressionEngine" type="App::PropertyExpressionEngine" status="67108864">
                    <ExpressionEngine count="0">
                    </ExpressionEngine>
                </Property>
                <Property name="Label" type="App::PropertyString" status="134217728">
                    <String value="XY_Plane"/>
                </Property>
                <Property name="Label2" type="App::PropertyString" status="67108992">
                    <String value=""/>
                </Property>
                <Property name="Placement" type="App::PropertyPlacement" status="8388616">
                    <PropertyPlacement Px="0.0000000000000000" Py="0.0000000000000000" Pz="0.0000000000000000" Q0="0.0000000000000000" Q1="0.0000000000000000" Q2="0.0000000000000000" Q3="1.0000000000000000" A="0.0000000000000000" Ox="0.0000000000000000" Oy="0.0000000000000000" Oz="1.0000000000000000"/>
                </Property>
                <Property name="Role" type="App::PropertyString" status="16777216">
                    <String value="XY_Plane"/>
                </Property>
                <Property name="Visibility" type="App::PropertyBool" status="648">
                    <Bool value="true"/>
                </Property>
            </Properties>
        </Object>
        <Object name="XZ_Plane">
            <Properties Count="6" TransientCount="0">
                <Property name="ExpressionEngine" type="App::PropertyExpressionEngine" status="67108864">
                    <ExpressionEngine count="0">
                    </ExpressionEngine>
                </Property>
                <Property name="Label" type="App::PropertyString" status="134217728">
                    <String value="XZ_Plane"/>
                </Property>
                <Property name="Label2" type="App::PropertyString" status="67108992">
                    <String value=""/>
                </Property>
                <Property name="Placement" type="App::PropertyPlacement" status="8388616">
                    <PropertyPlacement Px="0.0000000000000000" Py="0.0000000000000000" Pz="0.0000000000000000" Q0="0.7071067811865475" Q1="0.0000000000000000" Q2="0.0000000000000000" Q3="0.7071067811865475" A="1.5707963267948968" Ox="1.0000000000000000" Oy="0.0000000000000000" Oz="0.0000000000000000"/>
                </Property>
                <Property name="Role" type="App::PropertyString" status="16777216">
                    <String value="XZ_Plane"/>
                </Property>
                <Property name="Visibility" type="App::PropertyBool" status="648">
                    <Bool value="true"/>
                </Property>
            </Properties>
        </Object>
        <Object name="YZ_Plane">
            <Properties Count="6" TransientCount="0">
                <Property name="ExpressionEngine" type="App::PropertyExpressionEngine" status="67108864">
                    <ExpressionEngine count="0">
                    </ExpressionEngine>
                </Property>
                <Property name="Label" type="App::PropertyString" status="134217728">
                    <String value="YZ_Plane"/>
                </Property>
                <Property name="Label2" type="App::PropertyString" status="67108992">
                    <String value=""/>
                </Property>
                <Property name="Placement" type="App::PropertyPlacement" status="8388616">
                    <PropertyPlacement Px="0.0000000000000000" Py="0.0000000000000000" Pz="0.0000000000000000" Q0="0.5000000000000000" Q1="0.5000000000000000" Q2="0.5000000000000000" Q3="0.5000000000000001" A="2.0943951023931953" Ox="0.5773502691896258" Oy="0.5773502691896258" Oz="0.5773502691896258"/>
                </Property>
                <Property name="Role" type="App::PropertyString" status="16777216">
                    <String value="YZ_Plane"/>
                </Property>
                <Property name="Visibility" type="App::PropertyBool" status="648">
                    <Bool value="true"/>
                </Property>
            </Properties>
        </Object>
        <Object name="LCS_0" Extensions="True">
            <Extensions Count="1">
                <Extension type="Part::AttachExtension" name="AttachExtension">
                </Extension>
            </Extensions>
            <Properties Count="12" TransientCount="0">
                <Property name="AttacherType" type="App::PropertyString" status="8">
                    <String value="Attacher::AttachEngine3D"/>
                </Property>
                <Property name="AttachmentOffset" type="App::PropertyPlacement">
                    <PropertyPlacement Px="0.0000000000000000" Py="0.0000000000000000" Pz="0.0000000000000000" Q0="0.0000000000000000" Q1="0.0000000000000000" Q2="0.0000000000000000" Q3="1.0000000000000000" A="0.0000000000000000" Ox="0.0000000000000000" Oy="0.0000000000000000" Oz="1.0000000000000000"/>
                </Property>
                <Property name="ExpressionEngine" type="App::PropertyExpressionEngine" status="67108864">
                    <ExpressionEngine count="0">
                    </ExpressionEngine>
                </Property>
                <Property name="Label" type="App::PropertyString" status="134217728">
                    <String value="LCS_0"/>
                </Property>
                <Property name="Label2" type="App::PropertyString" status="67108992">
                    <String value=""/>
                </Property>
                <Property name="MapMode" type="App::PropertyEnumeration">
                    <Integer value="2"/>
                </Property>
                <Property name="MapPathParameter" type="App::PropertyFloat" status="8">
                    <Float value="0.0000000000000000"/>
                </Property>
                <Property name="MapReversed" type="App::PropertyBool">
                    <Bool value="false"/>
                </Property>
                <Property name="Placement" type="App::PropertyPlacement" status="8388612">
                    <PropertyPlacement Px="0.0000000000000000" Py="0.0000000000000000" Pz="0.0000000000000000" Q0="0.0000000000000000" Q1="0.0000000000000000" Q2="0.0000000000000000" Q3="1.0000000000000000" A="0.0000000000000000" Ox="0.0000000000000000" Oy="0.0000000000000000" Oz="1.0000000000000000"/>
                </Property>
                <Property name="Shape" type="Part::PropertyPartShape">
                    <Part file="PartShape.brp"/>
                </Property>
                <Property name="Support" type="App::PropertyLinkSubList">
                    <LinkSubList count="1">
                        <Link obj="X_Axis" sub=""/>
                    </LinkSubList>
                </Property>
                <Property name="Visibility" type="App::PropertyBool" status="648">
                    <Bool value="true"/>
                </Property>
            </Properties>
        </Object>
        <Object name="Solid">
            <Properties Count="6" TransientCount="0">
                <Property name="ExpressionEngine" type="App::PropertyExpressionEngine" status="67108864">
                    <ExpressionEngine count="0">
                    </ExpressionEngine>
                </Property>
                <Property name="Label" type="App::PropertyString" status="134217728">
                    <String value="LM8UU_Bearing_Block_AEPART"/>
                </Property>
                <Property name="Label2" type="App::PropertyString" status="67108992">
                    <String value=""/>
                </Property>
                <Property name="Placement" type="App::PropertyPlacement" status="8388608">
                    <PropertyPlacement Px="0.0000000000000000" Py="0.0000000000000000" Pz="0.0000000000000000" Q0="0.0000000000000000" Q1="0.0000000000000000" Q2="0.0000000000000000" Q3="1.0000000000000000" A="0.0000000000000000" Ox="0.0000000000000000" Oy="0.0000000000000000" Oz="1.0000000000000000"/>
                </Property>
                <Property name="Shape" type="Part::PropertyPartShape">
                    <Part file="PartShape1.brp"/>
                </Property>
                <Property name="Visibility" type="App::PropertyBool" status="648">
                    <Bool value="true"/>
                </Property>
            </Properties>
        </Object>
        <Object name="LCS_1" Extensions="True">
            <Extensions Count="1">
                <Extension type="Part::AttachExtension" name="AttachExtension">
                </Extension>
            </Extensions>
            <Properties Count="12" TransientCount="0">
                <Property name="AttacherType" type="App::PropertyString" status="8">
                    <String value="Attacher::AttachEngine3D"/>
                </Property>
                <Property name="AttachmentOffset" type="App::PropertyPlacement">
                    <PropertyPlacement Px="0.0000000000000000" Py="11.0000000000000000" Pz="0.0000000000000000" Q0="0.0000000000000000" Q1="0.0000000000000000" Q2="0.0000000000000000" Q3="1.0000000000000000" A="0.0000000000000000" Ox="0.0000000000000000" Oy="0.0000000000000000" Oz="1.0000000000000000"/>
                </Property>
                <Property name="ExpressionEngine" type="App::PropertyExpressionEngine" status="67108864">
                    <ExpressionEngine count="0">
                    </ExpressionEngine>
                </Property>
                <Property name="Label" type="App::PropertyString" status="134217728">
                    <String value="LCS_1"/>
                </Property>
                <Property name="Label2" type="App::PropertyString" status="67108992">
                    <String value=""/>
                </Property>
                <Property name="MapMode" type="App::PropertyEnumeration">
                    <Integer value="2"/>
                </Property>
                <Property name="MapPathParameter" type="App::PropertyFloat" status="8">
                    <Float value="0.0000000000000000"/>
                </Property>
                <Property name="MapReversed" type="App::PropertyBool">
                    <Bool value="false"/>
                </Property>
                <Property name="Placement" type="App::PropertyPlacement" status="8388612">
                    <PropertyPlacement Px="0.0000000000000000" Py="11.0000000000000000" Pz="0.0000000000000000" Q0="0.0000000000000000" Q1="0.0000000000000000" Q2="0.0000000000000000" Q3="1.0000000000000000" A="0.0000000000000000" Ox="0.0000000000000000" Oy="0.0000000000000000" Oz="1.0000000000000000"/>
                </Property>
                <Property name="Shape" type="Part::PropertyPartShape">
                    <Part file="PartShape2.brp"/>
                </Property>
                <Property name="Support" type="App::PropertyLinkSubList">
                    <LinkSubList count="1">
                        <Link obj="LCS_0" sub=""/>
                    </LinkSubList>
                </Property>
                <Property name="Visibility" type="App::PropertyBool" status="648">
                    <Bool value="true"/>
                </Property>
            </Properties>
        </Object>
    </ObjectData>
</Document>

663|663|A|PartShape.brp

CASCADE Topology V1, (c) Matra-Datavision
Locations 1
1
1.000000000000000 0.000000000000000 0.000000000000000 0.000000000000000 
0.000000000000000 1.000000000000000 0.000000000000000 0.000000000000000 
0.000000000000000 0.000000000000000 1.000000000000000 0.000000000000000 
Curve2ds 0
Curves 0
Polygon3D 0
PolygonOnTriangulations 0
Surfaces 1
1 0.00000000000000000 0.00000000000000000 0.00000000000000000 0.00000000000000000 0.00000000000000000 1.00000000000000000 1.00000000000000000 0.00000000000000000 -0.00000000000000000 -0.00000000000000000 1.00000000000000000 0.00000000000000000 
Triangulations 0

TShapes 1
Fa
1  0.000000100000000 1 0

1101000
*

+1 1 
65036|65036|A|PartShape1.brp

CASCADE Topology V1, (c) Matra-Datavision
Locations 1
1
1.000000000000000 0.000000000000000 0.000000000000000 0.000000000000000 
0.000000000000000 1.000000000000000 0.000000000000000 0.000000000000000 
0.000000000000000 0.000000000000000 1.000000000000000 0.000000000000000 
Curve2ds 84
1 12.56637061435917246 22.50000000000000000 -1.00000000000000000 0.00000000000000000 
1 5.75942630484812401 0.00000000000000000 0.00000000000000000 -1.00000000000000000 
1 -0.00000000000000089 -7.50000000000000000 1.00000000000000000 0.00000000000000000 
1 6.80694430951104579 0.00000000000000000 0.00000000000000000 1.00000000000000000 
1 -0.78539816339744650 0.00000000000000000 0.00000000000000000 -1.00000000000000000 
1 12.56637061435917246 50.53009004543729787 -1.00000000000000000 0.00000000000000000 
1 12.56637061435917246 50.53009004543729787 -1.00000000000000000 0.00000000000000000 
1 -6.28318530717958623 30.00000000000000000 1.00000000000000000 0.00000000000000000 
1 0.00000000000000000 30.00000000000000000 1.00000000000000000 0.00000000000000000 
1 -6.28318530717958712 -22.50000000000000000 1.00000000000000000 0.00000000000000000 
1 6.28318530717958801 7.50000000000000000 -1.00000000000000000 0.00000000000000000 
1 6.28318530717958446 15.00000000000000000 -1.00000000000000000 0.00000000000000000 
1 -0.00000000000000089 30.00000000000000000 1.00000000000000000 0.00000000000000000 
1 6.28318530717958268 30.00000000000000000 -1.00000000000000000 0.00000000000000000 
1 -6.28318530717958623 30.00000000000000000 1.00000000000000000 0.00000000000000000 
1 0.00000000000000089 -22.50000000000000000 1.00000000000000000 0.00000000000000000 
1 12.56637061435917246 22.50000000000000000 -1.00000000000000000 0.00000000000000000 
1 0.00000000000000089 30.00000000000000000 1.00000000000000000 0.00000000000000000 
1 6.28318530717958801 30.00000000000000000 -1.00000000000000000 0.00000000000000000 
1 -0.00000000000000089 30.00000000000000000 1.00000000000000000 0.00000000000000000 
1 0.00000000000000000 -30.00000000000000000 1.00000000000000000 0.00000000000000000 
1 -6.28318530717958623 -22.50000000000000000 1.00000000000000000 0.00000000000000000 
1 12.56637061435917246 30.00000000000000000 -1.00000000000000000 0.00000000000000000 
1 0.52375900233146111 0.00000000000000000 0.00000000000000000 -1.00000000000000000 
1 -0.52375900233146133 0.00000000000000000 0.00000000000000000 1.00000000000000000 
1 6.28318530717958712 0.00000000000000000 -1.00000000000000000 0.00000000000000000 
1 6.80694430951104490 0.00000000000000000 0.00000000000000000 -1.00000000000000000 
1 6.28318530717958712 7.50000000000000000 -1.00000000000000000 0.00000000000000000 
1 -0.52375900233145778 0.00000000000000000 0.00000000000000000 -1.00000000000000000 
1 0.52375900233146044 0.00000000000000000 0.00000000000000000 1.00000000000000000 
1 6.28318530717958801 7.50000000000000000 -1.00000000000000000 0.00000000000000000 
1 12.56637061435917069 0.00000000000000000 -1.00000000000000000 0.00000000000000000 
1 12.56637061435917069 0.00000000000000000 -1.00000000000000000 0.00000000000000000 
1 -6.28318530717958446 0.00000000000000000 1.00000000000000000 0.00000000000000000 
1 12.56637061435917246 0.00000000000000000 -1.00000000000000000 0.00000000000000000 
1 0.00000000000000089 -7.50000000000000000 1.00000000000000000 0.00000000000000000 
1 12.56637061435917602 7.50000000000000000 -1.00000000000000000 0.00000000000000000 
1 6.28318530717958623 0.00000000000000000 -1.00000000000000000 0.00000000000000000 
1 -6.28318530717958357 0.00000000000000000 1.00000000000000000 0.00000000000000000 
1 12.56637061435917246 0.00000000000000000 -1.00000000000000000 0.00000000000000000 
1 -6.28318530717958534 -15.00000000000000000 1.00000000000000000 0.00000000000000000 
1 -6.28318530717958623 -22.50000000000000000 1.00000000000000000 0.00000000000000000 
1 12.56637061435917424 0.00000000000000000 -1.00000000000000000 0.00000000000000000 
1 0.00000000000000000 0.00000000000000000 1.00000000000000000 0.00000000000000000 
1 5.75942630484812579 0.00000000000000000 0.00000000000000000 1.00000000000000000 
1 -0.32175055439664035 0.00000000000000000 0.00000000000000000 -1.00000000000000000 
1 0.32175055439664180 0.00000000000000000 0.00000000000000000 1.00000000000000000 
1 0.78539816339745161 0.00000000000000000 0.00000000000000000 1.00000000000000000 
1 6.60493586157622836 0.00000000000000000 0.00000000000000000 -1.00000000000000000 
1 5.96143475278294144 0.00000000000000000 0.00000000000000000 1.00000000000000000 
1 -0.78539816339744206 0.00000000000000000 0.00000000000000000 -1.00000000000000000 
1 0.48081643056706330 0.00000000000000000 0.00000000000000000 -1.00000000000000000 
1 -0.48081643056701928 0.00000000000000000 0.00000000000000000 1.00000000000000000 
1 6.76400173774660995 0.00000000000000000 0.00000000000000000 1.00000000000000000 
1 5.80236887661252698 0.00000000000000000 0.00000000000000000 -1.00000000000000000 
1 5.80236887661252965 0.00000000000000000 0.00000000000000000 -1.00000000000000000 
1 6.76400173774661173 0.00000000000000000 0.00000000000000000 1.00000000000000000 
1 6.76400173774660995 0.00000000000000000 0.00000000000000000 -1.00000000000000000 
1 5.80236887661252521 0.00000000000000000 0.00000000000000000 1.00000000000000000 
1 -0.78539816339744295 0.00000000000000000 0.00000000000000000 -1.00000000000000000 
1 0.00000000000000000 32.53009004543729787 1.00000000000000000 0.00000000000000000 
1 0.00000000000000000 32.53009004543729787 1.00000000000000000 0.00000000000000000 
1 6.60493586157622659 0.00000000000000000 0.00000000000000000 -1.00000000000000000 
1 5.96143475278294321 0.00000000000000000 0.00000000000000000 1.00000000000000000 
1 6.60493586157622659 0.00000000000000000 0.00000000000000000 1.00000000000000000 
1 5.96143475278294410 0.00000000000000000 0.00000000000000000 -1.00000000000000000 
1 0.78539816339745161 0.00000000000000000 0.00000000000000000 1.00000000000000000 
1 -0.78539816339744650 0.00000000000000000 0.00000000000000000 -1.00000000000000000 
1 12.56637061435917246 50.53009004543729787 -1.00000000000000000 0.00000000000000000 
1 12.56637061435917246 50.53009004543729787 -1.00000000000000000 0.00000000000000000 
1 0.78539816339744828 0.00000000000000000 0.00000000000000000 1.00000000000000000 
1 0.78539816339745339 0.00000000000000000 0.00000000000000000 1.00000000000000000 
1 9.42477796076937935 0.00000000000000000 0.00000000000000000 1.00000000000000000 
1 3.14159265358979312 0.00000000000000000 0.00000000000000000 1.00000000000000000 
1 9.42477796076937935 0.00000000000000000 0.00000000000000000 1.00000000000000000 
1 3.14159265358979312 0.00000000000000000 0.00000000000000000 1.00000000000000000 
1 0.00000000000000000 32.53009004543729787 1.00000000000000000 0.00000000000000000 
1 9.42477796076937935 0.00000000000000000 0.00000000000000000 1.00000000000000000 
1 3.14159265358979312 0.00000000000000000 0.00000000000000000 1.00000000000000000 
1 9.42477796076937935 0.00000000000000000 0.00000000000000000 1.00000000000000000 
1 3.14159265358979312 0.00000000000000000 0.00000000000000000 1.00000000000000000 
1 0.00000000000000000 32.53009004543729787 1.00000000000000000 0.00000000000000000 
1 9.42477796076937935 0.00000000000000000 0.00000000000000000 1.00000000000000000 
1 3.14159265358979312 0.00000000000000000 0.00000000000000000 1.00000000000000000 
Curves 111
2 -15.00000000000000000 0.75000000000000000 -7.68317294345021029 1.00000000000000000 0.00000000000000000 0.00000000000000000 0.00000000000000000 -0.86594527930163578 0.50013875400253893 0.00000000000000000 -0.50013875400253893 -0.86594527930163578 0.75000000000000000
1 7.50000000000000000 0.00000000000000000 -7.68317294345021029 1.00000000000000000 0.00000000000000000 0.00000000000000000 
2 15.00000000000000000 0.75000000000000000 -7.68317294345021029 -1.00000000000000000 0.00000000000000000 0.00000000000000000 0.00000000000000000 -0.86594527930163578 0.50013875400253893 0.00000000000000000 0.50013875400253893 0.86594527930163578 0.75000000000000000
1 7.50000000000000000 0.37520815988281803 -7.03353375391376012 -1.00000000000000000 0.00000000000000000 0.00000000000000000 
1 -15.00000000000000000 0.00000000000000000 17.00000000000000000 0.00000000000000000 0.00000000000000000 -1.00000000000000000 
1 7.50000000000000000 0.00000000000000000 -16.25000000000000000 -1.00000000000000000 0.00000000000000000 0.00000000000000000 
1 15.00000000000000000 0.00000000000000000 -17.00000000000000000 0.00000000000000000 0.00000000000000000 1.00000000000000000 
2 9.50000000000000000 0.00000000000000000 -12.50000000000000000 0.00000000000000000 1.00000000000000000 0.00000000000000000 1.00000000000000000 0.00000000000000000 0.00000000000000000 0.00000000000000000 0.00000000000000000 -1.00000000000000000 1.62100000000000000
2 -9.50000000000000000 0.00000000000000000 -12.50000000000000000 0.00000000000000000 1.00000000000000000 0.00000000000000000 1.00000000000000000 0.00000000000000000 0.00000000000000000 0.00000000000000000 0.00000000000000000 -1.00000000000000000 1.62100000000000000
1 -15.00000000000000000 -1.46015538290787994 -8.09239733629300950 0.00000000000000000 0.86618558604860107 0.49972245348957606 
2 -15.00000000000000000 0.54999999999999905 -6.06682705654978971 -1.00000000000000000 0.00000000000000000 0.00000000000000000 0.00000000000000000 0.86594527930163578 -0.50013875400253893 -0.00000000000000000 -0.50013875400253893 -0.86594527930163578 0.75000000000000000
1 -15.00000000000000000 1.30000000000000004 -5.25000000000000000 0.00000000000000000 0.00000000000000002 1.00000000000000000 
2 -15.00000000000000000 0.54999999999999905 6.06682705654978971 -1.00000000000000000 0.00000000000000000 0.00000000000000000 0.00000000000000000 0.86594527930163734 0.50013875400253627 0.00000000000000000 0.50013875400253627 -0.86594527930163734 0.75000000000000000
1 -15.00000000000000000 5.24833518312987035 4.22211431742505017 0.00000000000000000 -0.86618558604859874 0.49972245348957989 
2 -15.00000000000000000 0.75000000000000000 7.68317294345021029 1.00000000000000000 0.00000000000000000 0.00000000000000000 0.00000000000000000 -0.86594527930163734 -0.50013875400253627 0.00000000000000000 0.50013875400253627 -0.86594527930163734 0.75000000000000000
1 -15.00000000000000000 0.00000000000000000 17.00000000000000000 0.00000000000000000 0.00000000000000000 -1.00000000000000000 
2 -15.00000000000000000 0.75000000000000000 16.25000000000000000 1.00000000000000000 0.00000000000000000 0.00000000000000000 0.00000000000000000 -0.70710678118654902 0.70710678118654602 0.00000000000000000 -0.70710678118654602 -0.70710678118654902 0.75000000000000000
1 -15.00000000000000000 0.00000000000000000 17.00000000000000000 0.00000000000000000 1.00000000000000000 0.00000000000000000 
2 -15.00000000000000000 5.75000000000000000 16.25000000000000000 1.00000000000000000 0.00000000000000000 0.00000000000000000 -0.00000000000000000 0.31622776601683705 0.94868329805051410 0.00000000000000000 -0.94868329805051410 0.31622776601683705 0.75000000000000000
1 -15.00000000000000000 13.24000000000000021 11.57000000000000028 0.00000000000000000 0.80000000000000004 -0.59999999999999998 
2 -15.00000000000000000 8.25000000000000000 16.25000000000000000 -1.00000000000000000 0.00000000000000000 0.00000000000000000 -0.00000000000000000 -0.31622776601683916 -0.94868329805051343 0.00000000000000000 -0.94868329805051343 0.31622776601683916 0.75000000000000000
1 -15.00000000000000000 9.00000000000000000 15.50000000000000000 0.00000000000000000 1.00000000000000000 0.00000000000000000 
2 -15.00000000000000000 17.25000000000000000 14.75000000000000000 1.00000000000000000 0.00000000000000000 0.00000000000000000 -0.00000000000000000 0.70710678118654502 0.70710678118655002 0.00000000000000000 -0.70710678118655002 0.70710678118654502 0.75000000000000000
1 -15.00000000000000000 18.00000000000000000 -4.37500000000000000 0.00000000000000000 0.00000000000000031 -1.00000000000000000 
2 -15.00000000000000000 18.75000000000000000 8.64123674852918988 -1.00000000000000000 0.00000000000000000 0.00000000000000000 -0.00000000000000000 -0.88661761656987148 -0.46250319132732526 0.00000000000000000 -0.46250319132732526 0.88661761656987148 0.75000000000000000
1 -15.00000000000000000 20.02095307384499989 6.84003273917789034 0.00000000000000000 0.82012695430118332 -0.57218159602408125 
2 -15.00000000000000000 21.55000000000000071 4.85876325147081989 1.00000000000000000 0.00000000000000000 0.00000000000000000 -0.00000000000000000 0.88661761656987281 0.46250319132732287 0.00000000000000000 -0.46250319132732287 0.88661761656987281 0.75000000000000000
1 -15.00000000000000000 22.30000000000000071 17.00000000000000000 0.00000000000000000 0.00000000000000000 1.00000000000000000 
2 -15.00000000000000000 21.55000000000000071 -4.85876325147081989 1.00000000000000000 0.00000000000000000 0.00000000000000000 0.00000000000000000 0.88661761656987359 -0.46250319132732132 -0.00000000000000000 0.46250319132732132 0.88661761656987359 0.75000000000000000
1 -15.00000000000000000 9.89350672971990086 -13.90569297926520065 0.00000000000000000 -0.82012695430118332 -0.57218159602408125 
2 -15.00000000000000000 18.75000000000000000 -8.64123674852918988 -1.00000000000000000 0.00000000000000000 0.00000000000000000 0.00000000000000000 -0.88661761656987215 0.46250319132732404 0.00000000000000000 0.46250319132732404 0.88661761656987215 0.75000000000000000
1 -15.00000000000000000 18.00000000000000000 -16.25000000000000000 0.00000000000000000 0.00000000000000000 -1.00000000000000000 
2 -15.00000000000000000 17.25000000000000000 -14.75000000000000000 1.00000000000000000 0.00000000000000000 0.00000000000000000 0.00000000000000000 0.70710678118655002 -0.70710678118654502 -0.00000000000000000 0.70710678118654502 0.70710678118655002 0.75000000000000000
1 -15.00000000000000000 4.00000000000000000 -15.50000000000000000 0.00000000000000000 -1.00000000000000000 0.00000000000000000 
2 -15.00000000000000000 8.25000000000000000 -16.25000000000000000 -1.00000000000000000 0.00000000000000000 0.00000000000000000 0.00000000000000000 -0.31622776601683800 0.94868329805051388 0.00000000000000000 0.94868329805051388 0.31622776601683800 0.75000000000000000
1 -15.00000000000000000 4.07999999999999030 -18.44000000000000128 0.00000000000000000 -0.80000000000000082 -0.59999999999999887 
