21577|21577|A|Document.xml
<?xml version='1.0' encoding='utf-8'?>
<!--
 FreeCAD Document, see https://www.freecadweb.org for more information...
-->
<Document SchemaVersion="4" ProgramVersion="0.19R23578 (Git)" FileVersion="1">
    <Properties Count="15" TransientCount="3">
        <_Property name="FileName" type="App::PropertyString" status="50331649"/>
        <_Property name="Tip" type="App::PropertyLink" status="33554433"/>
        <_Property name="TransientDir" type="App::PropertyString" status="50331649"/>
        <Property name="Comment" type="App::PropertyString">
            <String value=""/>
        </Property>
        <Property name="Company" type="App::PropertyString">
            <String value=""/>
        </Property>
        <Property name="CreatedBy" type="App::PropertyString">
            <String value=""/>
        </Property>
        <Property name="CreationDate" type="App::PropertyString" status="16777217">
            <String value="2020-11-10T10:28:11Z"/>
        </Property>
        <Property name="Id" type="App::PropertyString">
            <String value=""/>
        </Property>
        <Property name="Label" type="App::PropertyString" status="1">
            <String value="YCarriageClamp"/>
        </Property>
        <Property name="LastModifiedBy" type="App::PropertyString">
            <String value=""/>
        </Property>
        <Property name="LastModifiedDate" type="App::PropertyString" status="16777217">
            <String value="2021-01-18T02:19:56Z"/>
        </Property>
        <Property name="License" type="App::PropertyString" status="1">
            <String value="All rights reserved"/>
        </Property>
        <Property name="LicenseURL" type="App::PropertyString" status="1">
            <String value="http://en.wikipedia.org/wiki/All_rights_reserved"/>
        </Property>
        <Property name="Material" type="App::PropertyMap" status="1">
            <Map count="0">
            </Map>
        </Property>
        <Property name="Meta" type="App::PropertyMap" status="1">
            <Map count="0">
            </Map>
        </Property>
        <Property name="ShowHidden" type="App::PropertyBool" status="1">
            <Bool value="false"/>
        </Property>
        <Property name="TipName" type="App::PropertyString" status="83886080">
            <String value=""/>
        </Property>
        <Property name="Uid" type="App::PropertyUUID" status="16777217">
            <Uuid value="33aa6129-d061-40bd-8fd2-385f9f578c43"/>
        </Property>
    </Properties>
    <Objects Count="10" Dependencies="1">
        <ObjectDeps Name="YCarriageClamp" Count="3">
            <Dep Name="Origin"/>
            <Dep Name="LCS_0"/>
            <Dep Name="Solid"/>
        </ObjectDeps>
        <ObjectDeps Name="Origin" Count="6">
            <Dep Name="X_Axis"/>
            <Dep Name="Y_Axis"/>
            <Dep Name="Z_Axis"/>
            <Dep Name="XY_Plane"/>
            <Dep Name="XZ_Plane"/>
            <Dep Name="YZ_Plane"/>
        </ObjectDeps>
        <ObjectDeps Name="X_Axis" Count="0"/>
        <ObjectDeps Name="Y_Axis" Count="0"/>
        <ObjectDeps Name="Z_Axis" Count="0"/>
        <ObjectDeps Name="XY_Plane" Count="0"/>
        <ObjectDeps Name="XZ_Plane" Count="0"/>
        <ObjectDeps Name="YZ_Plane" Count="0"/>
        <ObjectDeps Name="LCS_0" Count="1">
            <Dep Name="X_Axis"/>
        </ObjectDeps>
        <ObjectDeps Name="Solid" Count="0"/>
        <Object type="App::Part" name="YCarriageClamp" id="1" />
        <Object type="App::Origin" name="Origin" id="2" />
        <Object type="App::Line" name="X_Axis" id="3" />
        <Object type="App::Line" name="Y_Axis" id="4" />
        <Object type="App::Line" name="Z_Axis" id="5" />
        <Object type="App::Plane" name="XY_Plane" id="6" />
        <Object type="App::Plane" name="XZ_Plane" id="7" />
        <Object type="App::Plane" name="YZ_Plane" id="8" />
        <Object type="PartDesign::CoordinateSystem" name="LCS_0" id="9" />
        <Object type="Part::Feature" name="Solid" id="10" />
    </Objects>
    <ObjectData Count="10">
        <Object name="YCarriageClamp" Extensions="True">
            <Extensions Count="1">
                <Extension type="App::OriginGroupExtension" name="OriginGroupExtension">
                </Extension>
            </Extensions>
            <Properties Count="15" TransientCount="1">
                <_Property name="_GroupTouched" type="App::PropertyBool" status="100663296"/>
                <Property name="Color" type="App::PropertyColor">
                    <PropertyColor value="4294967295"/>
                </Property>
                <Property name="ExpressionEngine" type="App::PropertyExpressionEngine" status="67108864">
                    <ExpressionEngine count="0">
                    </ExpressionEngine>
                </Property>
                <Property name="Group" type="App::PropertyLinkList">
                    <LinkList count="2">
                        <Link value="LCS_0"/>
                        <Link value="Solid"/>
                    </LinkList>
                </Property>
                <Property name="Id" type="App::PropertyString">
                    <String value=""/>
                </Property>
                <Property name="Label" type="App::PropertyString" status="134217728">
                    <String value="YCarriageClamp"/>
                </Property>
                <Property name="Label2" type="App::PropertyString" status="67108992">
                    <String value=""/>
                </Property>
                <Property name="License" type="App::PropertyString">
                    <String value=""/>
                </Property>
                <Property name="LicenseURL" type="App::PropertyString">
                    <String value=""/>
                </Property>
                <Property name="Material" type="App::PropertyMap">
                    <Map count="0">
                    </Map>
                </Property>
                <Property name="Meta" type="App::PropertyMap">
                    <Map count="0">
                    </Map>
                </Property>
                <Property name="Origin" type="App::PropertyLink" status="67108864">
                    <Link value="Origin"/>
                </Property>
                <Property name="Placement" type="App::PropertyPlacement" status="8388608">
                    <PropertyPlacement Px="0.0000000000000000" Py="0.0000000000000000" Pz="0.0000000000000000" Q0="0.0000000000000000" Q1="0.0000000000000000" Q2="0.0000000000000000" Q3="1.0000000000000000" A="0.0000000000000000" Ox="0.0000000000000000" Oy="0.0000000000000000" Oz="1.0000000000000000"/>
                </Property>
                <Property name="Type" type="App::PropertyString">
                    <String value=""/>
                </Property>
                <Property name="Uid" type="App::PropertyUUID">
                    <Uuid value="3e7f92d7-7fd7-4ff5-abf9-7a42c25cf2b8"/>
                </Property>
                <Property name="Visibility" type="App::PropertyBool" status="648">
                    <Bool value="true"/>
                </Property>
            </Properties>
        </Object>
        <Object name="Origin" Extensions="True">
            <Extensions Count="1">
                <Extension type="App::GeoFeatureGroupExtension" name="GeoFeatureGroupExtension">
                </Extension>
            </Extensions>
            <Properties Count="5" TransientCount="2">
                <_Property name="Group" type="App::PropertyLinkList" status="16"/>
                <_Property name="_GroupTouched" type="App::PropertyBool" status="100663296"/>
                <Property name="ExpressionEngine" type="App::PropertyExpressionEngine" status="67108864">
                    <ExpressionEngine count="0">
                    </ExpressionEngine>
                </Property>
                <Property name="Label" type="App::PropertyString" status="134217728">
                    <String value="Origin"/>
                </Property>
                <Property name="Label2" type="App::PropertyString" status="67108992">
                    <String value=""/>
                </Property>
                <Property name="OriginFeatures" type="App::PropertyLinkList" status="67108864">
                    <LinkList count="6">
                        <Link value="X_Axis"/>
                        <Link value="Y_Axis"/>
                        <Link value="Z_Axis"/>
                        <Link value="XY_Plane"/>
                        <Link value="XZ_Plane"/>
                        <Link value="YZ_Plane"/>
                    </LinkList>
                </Property>
                <Property name="Visibility" type="App::PropertyBool" status="648">
                    <Bool value="false"/>
                </Property>
            </Properties>
        </Object>
        <Object name="X_Axis">
            <Properties Count="6" TransientCount="0">
                <Property name="ExpressionEngine" type="App::PropertyExpressionEngine" status="67108864">
                    <ExpressionEngine count="0">
                    </ExpressionEngine>
                </Property>
                <Property name="Label" type="App::PropertyString" status="134217728">
                    <String value="X_Axis"/>
                </Property>
                <Property name="Label2" type="App::PropertyString" status="67108992">
                    <String value=""/>
                </Property>
                <Property name="Placement" type="App::PropertyPlacement" status="8388616">
                    <PropertyPlacement Px="0.0000000000000000" Py="0.0000000000000000" Pz="0.0000000000000000" Q0="0.0000000000000000" Q1="0.0000000000000000" Q2="0.0000000000000000" Q3="1.0000000000000000" A="0.0000000000000000" Ox="0.0000000000000000" Oy="0.0000000000000000" Oz="1.0000000000000000"/>
                </Property>
                <Property name="Role" type="App::PropertyString" status="16777216">
                    <String value="X_Axis"/>
                </Property>
                <Property name="Visibility" type="App::PropertyBool" status="648">
                    <Bool value="true"/>
                </Property>
            </Properties>
        </Object>
        <Object name="Y_Axis">
            <Properties Count="6" TransientCount="0">
                <Property name="ExpressionEngine" type="App::PropertyExpressionEngine" status="67108864">
                    <ExpressionEngine count="0">
                    </ExpressionEngine>
                </Property>
                <Property name="Label" type="App::PropertyString" status="134217728">
                    <String value="Y_Axis"/>
                </Property>
                <Property name="Label2" type="App::PropertyString" status="67108992">
                    <String value=""/>
                </Property>
                <Property name="Placement" type="App::PropertyPlacement" status="8388616">
                    <PropertyPlacement Px="0.0000000000000000" Py="0.0000000000000000" Pz="0.0000000000000000" Q0="0.5000000000000000" Q1="0.5000000000000000" Q2="0.5000000000000000" Q3="0.5000000000000001" A="2.0943951023931953" Ox="0.5773502691896258" Oy="0.5773502691896258" Oz="0.5773502691896258"/>
                </Property>
                <Property name="Role" type="App::PropertyString" status="16777216">
                    <String value="Y_Axis"/>
                </Property>
                <Property name="Visibility" type="App::PropertyBool" status="648">
                    <Bool value="true"/>
                </Property>
            </Properties>
        </Object>
        <Object name="Z_Axis">
            <Properties Count="6" TransientCount="0">
                <Property name="ExpressionEngine" type="App::PropertyExpressionEngine" status="67108864">
                    <ExpressionEngine count="0">
                    </ExpressionEngine>
                </Property>
                <Property name="Label" type="App::PropertyString" status="134217728">
                    <String value="Z_Axis"/>
                </Property>
                <Property name="Label2" type="App::PropertyString" status="67108992">
                    <String value=""/>
                </Property>
                <Property name="Placement" type="App::PropertyPlacement" status="8388616">
                    <PropertyPlacement Px="0.0000000000000000" Py="0.0000000000000000" Pz="0.0000000000000000" Q0="0.5000000000000001" Q1="0.5000000000000001" Q2="0.5000000000000001" Q3="-0.4999999999999998" A="4.1887902047863905" Ox="0.5773502691896258" Oy="0.5773502691896258" Oz="0.5773502691896258"/>
                </Property>
                <Property name="Role" type="App::PropertyString" status="16777216">
                    <String value="Z_Axis"/>
                </Property>
                <Property name="Visibility" type="App::PropertyBool" status="648">
                    <Bool value="true"/>
                </Property>
            </Properties>
        </Object>
        <Object name="XY_Plane">
            <Properties Count="6" TransientCount="0">
                <Property name="ExpressionEngine" type="App::PropertyExpressionEngine" status="67108864">
                    <ExpressionEngine count="0">
                    </ExpressionEngine>
                </Property>
                <Property name="Label" type="App::PropertyString" status="134217728">
                    <String value="XY_Plane"/>
                </Property>
                <Property name="Label2" type="App::PropertyString" status="67108992">
                    <String value=""/>
                </Property>
                <Property name="Placement" type="App::PropertyPlacement" status="8388616">
                    <PropertyPlacement Px="0.0000000000000000" Py="0.0000000000000000" Pz="0.0000000000000000" Q0="0.0000000000000000" Q1="0.0000000000000000" Q2="0.0000000000000000" Q3="1.0000000000000000" A="0.0000000000000000" Ox="0.0000000000000000" Oy="0.0000000000000000" Oz="1.0000000000000000"/>
                </Property>
                <Property name="Role" type="App::PropertyString" status="16777216">
                    <String value="XY_Plane"/>
                </Property>
                <Property name="Visibility" type="App::PropertyBool" status="648">
                    <Bool value="true"/>
                </Property>
            </Properties>
        </Object>
        <Object name="XZ_Plane">
            <Properties Count="6" TransientCount="0">
                <Property name="ExpressionEngine" type="App::PropertyExpressionEngine" status="67108864">
                    <ExpressionEngine count="0">
                    </ExpressionEngine>
                </Property>
                <Property name="Label" type="App::PropertyString" status="134217728">
                    <String value="XZ_Plane"/>
                </Property>
                <Property name="Label2" type="App::PropertyString" status="67108992">
                    <String value=""/>
                </Property>
                <Property name="Placement" type="App::PropertyPlacement" status="8388616">
                    <PropertyPlacement Px="0.0000000000000000" Py="0.0000000000000000" Pz="0.0000000000000000" Q0="0.7071067811865476" Q1="0.0000000000000000" Q2="0.0000000000000000" Q3="0.7071067811865475" A="1.5707963267948968" Ox="1.0000000000000000" Oy="0.0000000000000000" Oz="0.0000000000000000"/>
                </Property>
                <Property name="Role" type="App::PropertyString" status="16777216">
                    <String value="XZ_Plane"/>
                </Property>
                <Property name="Visibility" type="App::PropertyBool" status="648">
                    <Bool value="true"/>
                </Property>
            </Properties>
        </Object>
        <Object name="YZ_Plane">
            <Properties Count="6" TransientCount="0">
                <Property name="ExpressionEngine" type="App::PropertyExpressionEngine" status="67108864">
                    <ExpressionEngine count="0">
                    </ExpressionEngine>
                </Property>
                <Property name="Label" type="App::PropertyString" status="134217728">
                    <String value="YZ_Plane"/>
                </Property>
                <Property name="Label2" type="App::PropertyString" status="67108992">
                    <String value=""/>
                </Property>
                <Property name="Placement" type="App::PropertyPlacement" status="8388616">
                    <PropertyPlacement Px="0.0000000000000000" Py="0.0000000000000000" Pz="0.0000000000000000" Q0="0.5000000000000000" Q1="0.5000000000000000" Q2="0.5000000000000000" Q3="0.5000000000000001" A="2.0943951023931953" Ox="0.5773502691896258" Oy="0.5773502691896258" Oz="0.5773502691896258"/>
                </Property>
                <Property name="Role" type="App::PropertyString" status="16777216">
                    <String value="YZ_Plane"/>
                </Property>
                <Property name="Visibility" type="App::PropertyBool" status="648">
                    <Bool value="true"/>
                </Property>
            </Properties>
        </Object>
        <Object name="LCS_0" Extensions="True">
            <Extensions Count="1">
                <Extension type="Part::AttachExtension" name="AttachExtension">
                </Extension>
            </Extensions>
            <Properties Count="12" TransientCount="0">
                <Property name="AttacherType" type="App::PropertyString" status="8">
                    <String value="Attacher::AttachEngine3D"/>
                </Property>
                <Property name="AttachmentOffset" type="App::PropertyPlacement">
                    <PropertyPlacement Px="0.0000000000000000" Py="0.0000000000000000" Pz="0.0000000000000000" Q0="0.0000000000000000" Q1="0.0000000000000000" Q2="0.0000000000000000" Q3="1.0000000000000000" A="0.0000000000000000" Ox="0.0000000000000000" Oy="0.0000000000000000" Oz="1.0000000000000000"/>
                </Property>
                <Property name="ExpressionEngine" type="App::PropertyExpressionEngine" status="67108864">
                    <ExpressionEngine count="0">
                    </ExpressionEngine>
                </Property>
                <Property name="Label" type="App::PropertyString" status="134217728">
                    <String value="LCS_0"/>
                </Property>
                <Property name="Label2" type="App::PropertyString" status="67108992">
                    <String value=""/>
                </Property>
                <Property name="MapMode" type="App::PropertyEnumeration">
                    <Integer value="2"/>
                </Property>
                <Property name="MapPathParameter" type="App::PropertyFloat" status="8">
                    <Float value="0.0000000000000000"/>
                </Property>
                <Property name="MapReversed" type="App::PropertyBool">
                    <Bool value="false"/>
                </Property>
                <Property name="Placement" type="App::PropertyPlacement" status="8388612">
                    <PropertyPlacement Px="0.0000000000000000" Py="0.0000000000000000" Pz="0.0000000000000000" Q0="0.0000000000000000" Q1="0.0000000000000000" Q2="0.0000000000000000" Q3="1.0000000000000000" A="0.0000000000000000" Ox="0.0000000000000000" Oy="0.0000000000000000" Oz="1.0000000000000000"/>
                </Property>
                <Property name="Shape" type="Part::PropertyPartShape">
                    <Part file="PartShape.brp"/>
                </Property>
                <Property name="Support" type="App::PropertyLinkSubList">
                    <LinkSubList count="1">
                        <Link obj="X_Axis" sub=""/>
                    </LinkSubList>
                </Property>
                <Property name="Visibility" type="App::PropertyBool" status="648">
                    <Bool value="true"/>
                </Property>
            </Properties>
        </Object>
        <Object name="Solid">
            <Properties Count="6" TransientCount="0">
                <Property name="ExpressionEngine" type="App::PropertyExpressionEngine" status="67108864">
                    <ExpressionEngine count="0">
                    </ExpressionEngine>
                </Property>
                <Property name="Label" type="App::PropertyString" status="134217728">
                    <String value="Y Carriage Clamp 1"/>
                </Property>
                <Property name="Label2" type="App::PropertyString" status="67108992">
                    <String value=""/>
                </Property>
                <Property name="Placement" type="App::PropertyPlacement" status="8388608">
                    <PropertyPlacement Px="0.0000000000000000" Py="0.0000000000000000" Pz="0.0000000000000000" Q0="0.0000000000000000" Q1="0.0000000000000000" Q2="0.0000000000000000" Q3="1.0000000000000000" A="0.0000000000000000" Ox="0.0000000000000000" Oy="0.0000000000000000" Oz="1.0000000000000000"/>
                </Property>
                <Property name="Shape" type="Part::PropertyPartShape">
                    <Part file="PartShape1.brp"/>
                </Property>
                <Property name="Visibility" type="App::PropertyBool" status="648">
                    <Bool value="true"/>
                </Property>
            </Properties>
        </Object>
    </ObjectData>
</Document>

663|663|A|PartShape.brp

CASCADE Topology V1, (c) Matra-Datavision
Locations 1
1
1.000000000000000 0.000000000000000 0.000000000000000 0.000000000000000 
0.000000000000000 1.000000000000000 0.000000000000000 0.000000000000000 
0.000000000000000 0.000000000000000 1.000000000000000 0.000000000000000 
Curve2ds 0
Curves 0
Polygon3D 0
PolygonOnTriangulations 0
Surfaces 1
1 0.00000000000000000 0.00000000000000000 0.00000000000000000 0.00000000000000000 0.00000000000000000 1.00000000000000000 1.00000000000000000 0.00000000000000000 -0.00000000000000000 -0.00000000000000000 1.00000000000000000 0.00000000000000000 
Triangulations 0

TShapes 1
Fa
1  0.000000100000000 1 0

1111000
*

+1 1 
54868|54868|A|PartShape1.brp

CASCADE Topology V1, (c) Matra-Datavision
Locations 1
1
1.000000000000000 0.000000000000000 0.000000000000000 0.000000000000000 
0.000000000000000 1.000000000000000 0.000000000000000 0.000000000000000 
0.000000000000000 0.000000000000000 1.000000000000000 0.000000000000000 
Curve2ds 76
1 0.00000000000000000 69.74540313649259815 1.00000000000000000 0.00000000000000000 
1 0.00000000000000000 69.74540313649259815 1.00000000000000000 0.00000000000000000 
1 0.00000000000000000 69.74540313649259815 1.00000000000000000 0.00000000000000000 
1 0.00000000000000000 69.74540313649259815 1.00000000000000000 0.00000000000000000 
1 9.42477796076937935 0.00000000000000000 0.00000000000000000 1.00000000000000000 
1 3.14159265358979312 0.00000000000000000 0.00000000000000000 1.00000000000000000 
1 0.00000000000000000 5.00000000000000000 1.00000000000000000 0.00000000000000000 
1 0.00000000000000000 0.00000000000000000 1.00000000000000000 0.00000000000000000 
1 9.42477796076937935 0.00000000000000000 0.00000000000000000 1.00000000000000000 
1 3.14159265358979312 0.00000000000000000 0.00000000000000000 1.00000000000000000 
1 0.00000000000000000 5.00000000000000000 1.00000000000000000 0.00000000000000000 
1 0.00000000000000000 0.00000000000000000 1.00000000000000000 0.00000000000000000 
1 6.28318530717958623 12.50000000000000000 -1.00000000000000000 0.00000000000000000 
1 -0.39269908169872458 0.00000000000000000 0.00000000000000000 -1.00000000000000000 
1 -6.28318530717958623 0.00000000000000000 1.00000000000000000 0.00000000000000000 
1 0.39269908169874329 0.00000000000000000 0.00000000000000000 1.00000000000000000 
1 -6.28318530717958623 0.00000000000000000 1.00000000000000000 0.00000000000000000 
1 -0.39269908169872547 0.00000000000000000 0.00000000000000000 -1.00000000000000000 
1 -6.28318530717958623 0.00000000000000000 1.00000000000000000 0.00000000000000000 
1 0.00000000000000000 0.00000000000000000 1.00000000000000000 0.00000000000000000 
1 0.00000000000000000 0.00000000000000000 1.00000000000000000 0.00000000000000000 
1 -1.53745681753359431 -0.00000000000008171 0.00000000000000000 1.00000000000000000 
1 0.00000000000000000 60.64540313649259673 1.00000000000000000 0.00000000000000000 
1 0.00000000000000000 60.64540313649259673 1.00000000000000000 0.00000000000000000 
1 6.28318530717958623 12.50000000000000000 -1.00000000000000000 0.00000000000000000 
1 -0.39269908169872458 0.00000000000000000 0.00000000000000000 -1.00000000000000000 
1 0.39269908169872830 0.00000000000000000 0.00000000000000000 1.00000000000000000 
1 6.67588438887830993 0.00000000000000000 0.00000000000000000 1.00000000000000000 
1 12.56637061435917246 12.50000000000000000 -1.00000000000000000 0.00000000000000000 
1 5.89048622548085543 0.00000000000000000 0.00000000000000000 -1.00000000000000000 
1 12.56637061435917246 12.50000000000000000 -1.00000000000000000 0.00000000000000000 
1 5.89048622548086076 0.00000000000000000 0.00000000000000000 -1.00000000000000000 
1 6.67588438887829572 0.00000000000000000 0.00000000000000000 1.00000000000000000 
1 6.67588438887830993 0.00000000000000000 0.00000000000000000 1.00000000000000000 
1 6.28318530717958623 35.00000000000000000 -1.00000000000000000 0.00000000000000000 
1 6.28318530717958623 12.50000000000000000 -1.00000000000000000 0.00000000000000000 
1 -6.28318530717958623 0.00000000000000000 1.00000000000000000 0.00000000000000000 
1 0.39269908169873735 0.00000000000000000 0.00000000000000000 1.00000000000000000 
1 5.89048622548085632 0.00000000000000000 0.00000000000000000 -1.00000000000000000 
1 1.53745681753359453 -0.00000000000001421 0.00000000000000000 -1.00000000000000000 
1 0.00000000000000000 0.00000000000000000 1.00000000000000000 0.00000000000000000 
1 -6.28318530717958623 0.00000000000000000 1.00000000000000000 0.00000000000000000 
1 0.00000000000000000 0.00000000000000000 1.00000000000000000 0.00000000000000000 
1 0.00000000000000000 60.64540313649259673 1.00000000000000000 0.00000000000000000 
1 0.00000000000000000 60.64540313649259673 1.00000000000000000 0.00000000000000000 
1 12.56637061435917246 12.50000000000000000 -1.00000000000000000 0.00000000000000000 
1 5.89048622548084744 0.00000000000000000 0.00000000000000000 -1.00000000000000000 
1 0.39269908169872986 0.00000000000000000 0.00000000000000000 1.00000000000000000 
1 6.28318530717958623 12.50000000000000000 -1.00000000000000000 0.00000000000000000 
1 -0.39269908169872370 0.00000000000000000 0.00000000000000000 -1.00000000000000000 
1 12.56637061435917246 12.50000000000000000 -1.00000000000000000 0.00000000000000000 
1 6.67588438887831082 0.00000000000000000 0.00000000000000000 1.00000000000000000 
1 -6.28318530717958623 -1.50000000000000000 1.00000000000000000 0.00000000000000000 
1 -3.14159265358979312 0.00000000000000000 0.00000000000000000 -1.00000000000000000 
1 3.14159265358979312 0.00000000000000000 0.00000000000000000 -1.00000000000000000 
1 6.28318530717958623 1.50000000000000000 -1.00000000000000000 0.00000000000000000 
1 3.14159265358979312 0.00000000000000000 0.00000000000000000 -1.00000000000000000 
1 9.42477796076937935 0.00000000000000000 0.00000000000000000 -1.00000000000000000 
1 -6.28318530717958623 -1.50000000000000000 1.00000000000000000 0.00000000000000000 
1 -3.14159265358979312 0.00000000000000000 0.00000000000000000 -1.00000000000000000 
1 3.14159265358979312 0.00000000000000000 0.00000000000000000 -1.00000000000000000 
1 6.28318530717958623 1.50000000000000000 -1.00000000000000000 0.00000000000000000 
1 3.14159265358979312 0.00000000000000000 0.00000000000000000 -1.00000000000000000 
1 9.42477796076937935 0.00000000000000000 0.00000000000000000 -1.00000000000000000 
1 -6.28318530717958623 -1.50000000000000000 1.00000000000000000 0.00000000000000000 
1 -3.14159265358979312 0.00000000000000000 0.00000000000000000 -1.00000000000000000 
1 3.14159265358979312 0.00000000000000000 0.00000000000000000 -1.00000000000000000 
1 6.28318530717958623 1.50000000000000000 -1.00000000000000000 0.00000000000000000 
1 3.14159265358979312 0.00000000000000000 0.00000000000000000 -1.00000000000000000 
1 9.42477796076937935 0.00000000000000000 0.00000000000000000 -1.00000000000000000 
1 -6.28318530717958623 -1.50000000000000000 1.00000000000000000 0.00000000000000000 
1 -3.14159265358979312 0.00000000000000000 0.00000000000000000 -1.00000000000000000 
1 3.14159265358979312 0.00000000000000000 0.00000000000000000 -1.00000000000000000 
1 6.28318530717958623 1.50000000000000000 -1.00000000000000000 0.00000000000000000 
1 3.14159265358979312 0.00000000000000000 0.00000000000000000 -1.00000000000000000 
1 9.42477796076937935 0.00000000000000000 0.00000000000000000 -1.00000000000000000 
Curves 84
2 12.50000000000000000 -12.50000000000000000 9.09999999999999964 0.00000000000000000 0.00000000000000000 1.00000000000000000 1.00000000000000000 0.00000000000000000 -0.00000000000000000 -0.00000000000000000 1.00000000000000000 0.00000000000000000 1.75000000000000000
2 -12.50000000000000000 12.50000000000000000 9.09999999999999964 0.00000000000000000 0.00000000000000000 1.00000000000000000 1.00000000000000000 0.00000000000000000 -0.00000000000000000 -0.00000000000000000 1.00000000000000000 0.00000000000000000 1.75000000000000000
2 -12.50000000000000000 -12.50000000000000000 9.09999999999999964 0.00000000000000000 0.00000000000000000 1.00000000000000000 1.00000000000000000 0.00000000000000000 -0.00000000000000000 -0.00000000000000000 1.00000000000000000 0.00000000000000000 1.75000000000000000
2 12.50000000000000000 12.50000000000000000 9.09999999999999964 0.00000000000000000 0.00000000000000000 1.00000000000000000 1.00000000000000000 0.00000000000000000 -0.00000000000000000 -0.00000000000000000 1.00000000000000000 0.00000000000000000 1.75000000000000000
1 -5.50000000000000000 22.50000000000000000 0.00000000000000000 0.00000000000000000 0.00000000000000000 1.00000000000000000 
2 0.00000000000000238 22.50000000000000000 5.00000000000000000 0.00000000000000000 0.00000000000000000 1.00000000000000000 1.00000000000000000 0.00000000000000000 -0.00000000000000000 -0.00000000000000000 1.00000000000000000 0.00000000000000000 5.50000000000000000
2 0.00000000000000238 22.50000000000000000 0.00000000000000000 0.00000000000000000 0.00000000000000000 1.00000000000000000 1.00000000000000000 0.00000000000000000 -0.00000000000000000 -0.00000000000000000 1.00000000000000000 0.00000000000000000 5.50000000000000000
1 -5.50000000000000000 -22.50000000000000000 0.00000000000000000 0.00000000000000000 0.00000000000000000 1.00000000000000000 
2 -0.00000000000000276 -22.50000000000000000 5.00000000000000000 0.00000000000000000 0.00000000000000000 1.00000000000000000 1.00000000000000000 0.00000000000000000 -0.00000000000000000 -0.00000000000000000 1.00000000000000000 0.00000000000000000 5.50000000000000000
2 -0.00000000000000276 -22.50000000000000000 0.00000000000000000 0.00000000000000000 0.00000000000000000 1.00000000000000000 1.00000000000000000 0.00000000000000000 -0.00000000000000000 -0.00000000000000000 1.00000000000000000 0.00000000000000000 5.50000000000000000
2 12.50000000000009948 -15.42893218813449963 12.50000000000000000 0.00000000000000000 0.00000000000000000 -1.00000000000000000 0.92387953251128707 -0.38268343236508906 0.00000000000000000 -0.38268343236508906 -0.92387953251128707 -0.00000000000000000 5.00000000000000000
1 16.03553390593280170 -18.96446609406719830 0.00000000000000000 0.00000000000000000 0.00000000000000000 -1.00000000000000000 
2 12.50000000000009948 -15.42893218813449963 0.00000000000000000 0.00000000000000000 0.00000000000000000 1.00000000000000000 0.92387953251128707 -0.38268343236508906 0.00000000000000000 0.38268343236508906 0.92387953251128707 -0.00000000000000000 5.00000000000000000
1 17.50000000000009948 -15.42893218813440015 0.00000000000000000 0.00000000000000000 0.00000000000000000 1.00000000000000000 
1 17.50000000000000000 -17.50000000000000000 0.00000000000000000 0.00000000000000666 1.00000000000000000 0.00000000000000000 
2 17.50000000000000000 0.00000000000004219 -0.25000000000000000 -1.00000000000000000 -0.00000000000000222 0.00000000000000000 0.00000000000000000 0.00000000000000000 1.00000000000000000 -0.00000000000000222 1.00000000000000000 0.00000000000000000 7.50000000000000000
1 17.50000000000000000 -17.50000000000000000 0.00000000000000000 0.00000000000000666 1.00000000000000000 0.00000000000000000 
1 17.50000000000000000 15.42893218813449963 0.00000000000000000 0.00000000000000000 0.00000000000000000 -1.00000000000000000 
1 17.50000000000000000 -17.50000000000000000 12.50000000000000000 0.00000000000000666 1.00000000000000000 0.00000000000000000 
1 3.49999999999998979 -31.50000000000000000 0.00000000000000000 0.70710678118654802 0.70710678118654702 0.00000000000000000 
2 1.42893218813452005 -26.50000000000000000 0.00000000000000000 0.00000000000000000 0.00000000000000000 1.00000000000000000 0.38268343236508989 -0.92387953251128674 0.00000000000000000 0.92387953251128674 0.38268343236508989 -0.00000000000000000 5.00000000000000000
1 -3.50000000000001021 -31.50000000000000000 0.00000000000000000 1.00000000000000000 0.00000000000000000 0.00000000000000000 
2 -1.42893218813453005 -26.50000000000000000 0.00000000000000000 0.00000000000000000 0.00000000000000000 1.00000000000000000 -0.38268343236508989 -0.92387953251128674 0.00000000000000000 0.92387953251128674 -0.38268343236508989 0.00000000000000000 5.00000000000000000
1 -17.50000000000000000 -17.50000000000000000 0.00000000000000000 0.70710678118654702 -0.70710678118654802 0.00000000000000000 
2 -12.49999999999990052 -15.42893218813460088 0.00000000000000000 0.00000000000000000 0.00000000000000000 1.00000000000000000 -0.92387953251128629 -0.38268343236509111 0.00000000000000000 0.38268343236509111 -0.92387953251128629 0.00000000000000000 5.00000000000000000
1 -17.50000000000000000 17.50000000000000000 0.00000000000000000 0.00000000000000222 -1.00000000000000000 0.00000000000000000 
1 17.50000000000009948 -7.49583217528243040 0.00000000000000000 -1.00000000000000000 -0.00000000000000222 0.00000000000000000 
2 12.50000000000000000 -12.50000000000000000 0.00000000000000000 0.00000000000000000 0.00000000000000000 1.00000000000000000 1.00000000000000000 0.00000000000000000 -0.00000000000000000 -0.00000000000000000 1.00000000000000000 0.00000000000000000 1.75000000000000000
2 -12.50000000000000000 -12.50000000000000000 0.00000000000000000 0.00000000000000000 0.00000000000000000 1.00000000000000000 1.00000000000000000 0.00000000000000000 -0.00000000000000000 -0.00000000000000000 1.00000000000000000 0.00000000000000000 1.75000000000000000
2 1.42893218813452005 -26.50000000000000000 12.50000000000000000 0.00000000000000000 0.00000000000000000 -1.00000000000000000 0.38268343236508989 -0.92387953251128674 0.00000000000000000 -0.92387953251128674 -0.38268343236508989 -0.00000000000000000 5.00000000000000000
1 1.42893218813452005 -31.50000000000000000 0.00000000000000000 0.00000000000000000 0.00000000000000000 -1.00000000000000000 
1 4.96446609406724981 -30.03553390593269867 0.00000000000000000 0.00000000000000000 0.00000000000000000 1.00000000000000000 
1 -3.50000000000001021 -31.50000000000000000 12.50000000000000000 1.00000000000000000 0.00000000000000000 0.00000000000000000 
1 -1.42893218813453005 -31.50000000000000000 0.00000000000000000 0.00000000000000000 0.00000000000000000 1.00000000000000000 
2 -1.42893218813453005 -26.50000000000000000 12.50000000000000000 0.00000000000000000 0.00000000000000000 -1.00000000000000000 -0.38268343236508989 -0.92387953251128674 -0.00000000000000000 -0.92387953251128674 0.38268343236508989 0.00000000000000000 5.00000000000000000
1 -4.96446609406728001 -30.03553390593269867 0.00000000000000000 0.00000000000000000 0.00000000000000000 -1.00000000000000000 
2 -12.49999999999990052 -15.42893218813460088 12.50000000000000000 0.00000000000000000 0.00000000000000000 -1.00000000000000000 -0.92387953251128629 -0.38268343236509111 -0.00000000000000000 -0.38268343236509111 0.92387953251128629 0.00000000000000000 5.00000000000000000
1 -17.49999999999990052 -15.42893218813460088 0.00000000000000000 0.00000000000000000 0.00000000000000000 -1.00000000000000000 
1 -16.03553390593269867 -18.96446609406730133 0.00000000000000000 0.00000000000000000 0.00000000000000000 1.00000000000000000 
1 -17.50000000000000000 17.50000000000000000 12.50000000000000000 0.00000000000000222 -1.00000000000000000 0.00000000000000000 
1 -17.50000000000000000 15.42893218813449963 0.00000000000000000 0.00000000000000000 0.00000000000000000 1.00000000000000000 
1 -17.50000000000000000 17.50000000000000000 0.00000000000000000 0.00000000000000222 -1.00000000000000000 0.00000000000000000 
2 -17.50000000000000000 -0.00000000000003553 -0.25000000000000000 1.00000000000000000 0.00000000000000222 0.00000000000000000 0.00000000000000000 -0.00000000000000000 1.00000000000000000 0.00000000000000222 -1.00000000000000000 -0.00000000000000000 7.50000000000000000
2 12.50000000000000000 15.42893218813449963 12.50000000000000000 0.00000000000000000 0.00000000000000000 -1.00000000000000000 0.92387953251128629 0.38268343236509111 0.00000000000000000 0.38268343236509111 -0.92387953251128629 0.00000000000000000 5.00000000000000000
2 12.50000000000000000 15.42893218813449963 0.00000000000000000 0.00000000000000000 0.00000000000000000 1.00000000000000000 0.92387953251128629 0.38268343236509111 -0.00000000000000000 -0.38268343236509111 0.92387953251128629 0.00000000000000000 5.00000000000000000
1 16.03553390593269867 18.96446609406730133 0.00000000000000000 0.00000000000000000 0.00000000000000000 1.00000000000000000 
1 17.50000000000000000 17.50000000000000000 0.00000000000000000 -0.70710678118654802 0.70710678118654702 0.00000000000000000 
1 4.96446609406725958 30.03553390593269867 0.00000000000000000 0.00000000000000000 0.00000000000000000 -1.00000000000000000 
1 17.50000000000000000 17.50000000000000000 12.50000000000000000 -0.70710678118654802 0.70710678118654702 0.00000000000000000 
1 17.50000000000000000 7.49583217528252010 0.00000000000000000 1.00000000000000000 0.00000000000000222 0.00000000000000000 
2 -12.50000000000000000 15.42893218813449963 0.00000000000000000 0.00000000000000000 0.00000000000000000 1.00000000000000000 -0.92387953251128707 0.38268343236508906 0.00000000000000000 -0.38268343236508906 -0.92387953251128707 0.00000000000000000 5.00000000000000000
1 -3.50000000000001021 31.50000000000000000 0.00000000000000000 -0.70710678118654702 -0.70710678118654802 0.00000000000000000 
2 -1.42893218813454004 26.50000000000000000 0.00000000000000000 0.00000000000000000 0.00000000000000000 1.00000000000000000 -0.38268343236508989 0.92387953251128674 0.00000000000000000 -0.92387953251128674 -0.38268343236508989 0.00000000000000000 5.00000000000000000
1 3.49999999999998979 31.50000000000000000 0.00000000000000000 -1.00000000000000000 0.00000000000000000 0.00000000000000000 
2 1.42893218813452005 26.50000000000000000 0.00000000000000000 0.00000000000000000 0.00000000000000000 1.00000000000000000 0.38268343236508989 0.92387953251128674 -0.00000000000000000 -0.92387953251128674 0.38268343236508989 0.00000000000000000 5.00000000000000000
2 -12.50000000000000000 12.50000000000000000 0.00000000000000000 0.00000000000000000 0.00000000000000000 1.00000000000000000 1.00000000000000000 0.00000000000000000 -0.00000000000000000 -0.00000000000000000 1.00000000000000000 0.00000000000000000 1.75000000000000000
